1
3
1 4 
3 6 
4 1 7 
6 9 3 
7 10 4 
9 12 6 
10 13 7 
12 9 15 
13 16 10 
15 18 12 
16 19 13 
18 21 15 
19 16 22 
21 24 18 
22 25 19 
24 27 21 
25 28 22 
27 24 30 
28 25 31 
30 33 27 
31 34 28 
33 36 30 
34 37 31 
36 33 39 
37 40 34 
39 42 36 
40 43 37 
42 45 39 
43 40 46 
45 48 42 
46 49 43 
48 51 45 
49 52 46 
51 48 54 
52 49 55 
54 57 51 
55 58 52 
57 60 54 
58 61 55 
60 57 63 
61 64 58 
63 66 60 
64 67 61 
66 69 63 
67 64 70 
69 72 66 
70 73 67 
72 75 69 
73 76 70 
75 72 78 
76 73 79 
78 81 75 
79 82 76 
81 84 78 
82 85 79 
84 81 87 
85 88 82 
87 90 84 
88 91 85 
90 93 87 
91 88 94 
93 96 90 
94 97 91 
96 99 93 
97 100 94 
99 96 102 
100 97 103 
102 105 99 
103 106 100 
105 108 102 
106 109 103 
108 105 111 
109 112 106 
111 114 108 
112 115 109 
114 117 111 
115 112 118 
117 120 114 
118 121 115 
120 123 117 
121 124 118 
123 120 126 
124 121 127 
126 129 123 
127 130 124 
129 132 126 
130 133 127 
132 129 135 
133 136 130 
135 138 132 
136 139 133 
138 141 135 
139 136 142 
141 144 138 
142 145 139 
144 147 141 
145 148 142 
147 144 150 
148 145 151 
150 153 147 
151 154 148 
153 156 150 
154 157 151 
156 153 159 
157 160 154 
159 162 156 
160 163 157 
162 165 159 
163 160 166 
165 168 162 
166 169 163 
168 171 165 
169 172 166 
171 168 174 
172 169 175 
174 177 171 
175 178 172 
177 180 174 
178 181 175 
180 177 183 
181 184 178 
183 186 180 
184 187 181 
186 189 183 
187 184 190 
189 192 186 
190 193 187 
192 195 189 
193 196 190 
195 192 198 
196 193 199 
198 201 195 
199 202 196 
201 204 198 
202 205 199 
204 201 207 
205 208 202 
207 210 204 
208 211 205 
210 213 207 
211 208 214 
213 216 210 
214 217 211 
216 219 213 
217 220 214 
219 216 222 
220 217 223 
222 225 219 
223 226 220 
225 228 222 
226 229 223 
228 225 231 
229 232 226 
231 234 228 
232 235 229 
234 237 231 
235 232 238 
237 240 234 
238 241 235 
240 243 237 
241 244 238 
243 240 246 
244 241 247 
246 249 243 
247 250 244 
249 252 246 
250 253 247 
252 249 255 
253 256 250 
255 258 252 
256 259 253 
258 261 255 
259 256 262 
261 264 258 
262 265 259 
264 267 261 
265 268 262 
267 264 270 
268 265 271 
270 273 267 
271 274 268 
273 276 270 
274 277 271 
276 273 279 
277 280 274 
279 282 276 
280 283 277 
282 285 279 
283 280 286 
285 288 282 
286 289 283 
288 291 285 
289 292 286 
291 288 294 
292 289 295 
294 297 291 
295 298 292 
297 300 294 
298 301 295 
300 297 303 
301 304 298 
303 306 300 
304 307 301 
306 309 303 
307 304 310 
309 312 306 
310 313 307 
312 315 309 
313 316 310 
315 312 318 
316 313 319 
318 321 315 
319 322 316 
321 324 318 
322 325 319 
324 321 327 
325 328 322 
327 330 324 
328 331 325 
330 333 327 
331 328 334 
333 336 330 
334 337 331 
336 339 333 
337 340 334 
339 336 342 
340 337 343 
342 345 339 
343 346 340 
345 348 342 
346 349 343 
348 345 351 
349 352 346 
351 354 348 
352 355 349 
354 357 351 
355 352 358 
357 360 354 
358 361 355 
360 363 357 
361 364 358 
363 360 366 
364 361 367 
366 369 363 
367 370 364 
369 372 366 
370 373 367 
372 369 375 
373 376 370 
375 378 372 
376 379 373 
378 381 375 
379 376 382 
381 384 378 
382 385 379 
384 387 381 
385 388 382 
387 384 390 
388 385 391 
390 393 387 
391 394 388 
393 396 390 
394 397 391 
396 393 399 
397 400 394 
399 402 396 
400 403 397 
402 405 399 
403 400 406 
405 408 402 
406 409 403 
408 411 405 
409 412 406 
411 408 414 
412 409 415 
414 417 411 
415 418 412 
417 420 414 
418 421 415 
420 417 423 
421 424 418 
423 426 420 
424 427 421 
426 429 423 
427 424 430 
429 432 426 
430 433 427 
432 435 429 
433 436 430 
435 432 438 
436 433 439 
438 441 435 
439 442 436 
441 444 438 
442 445 439 
444 441 447 
445 448 442 
447 450 444 
448 451 445 
450 453 447 
451 448 454 
453 456 450 
454 457 451 
456 459 453 
457 460 454 
459 456 462 
460 457 463 
462 465 459 
463 466 460 
465 468 462 
466 469 463 
468 465 471 
469 472 466 
471 474 468 
472 475 469 
474 477 471 
475 472 478 
477 480 474 
478 481 475 
480 483 477 
481 484 478 
483 480 486 
484 481 487 
486 489 483 
487 490 484 
489 492 486 
490 493 487 
492 489 495 
493 496 490 
495 498 492 
496 499 493 
498 501 495 
499 496 502 
501 504 498 
502 505 499 
504 507 501 
505 508 502 
507 504 510 
508 505 511 
510 513 507 
511 514 508 
513 516 510 
514 517 511 
516 513 519 
517 520 514 
519 522 516 
520 523 517 
522 525 519 
523 520 526 
525 528 522 
526 529 523 
528 531 525 
529 532 526 
531 528 534 
532 529 535 
534 537 531 
535 538 532 
537 540 534 
538 541 535 
540 537 543 
541 544 538 
543 546 540 
544 547 541 
546 549 543 
547 544 550 
549 552 546 
550 553 547 
552 555 549 
553 556 550 
555 552 558 
556 553 559 
558 561 555 
559 562 556 
561 564 558 
562 565 559 
564 561 567 
565 568 562 
567 570 564 
568 571 565 
570 573 567 
571 568 574 
573 576 570 
574 577 571 
576 579 573 
577 580 574 
579 576 582 
580 577 583 
582 585 579 
583 586 580 
585 588 582 
586 589 583 
588 585 591 
589 592 586 
591 594 588 
592 595 589 
594 597 591 
595 592 598 
597 600 594 
598 601 595 
600 603 597 
601 604 598 
603 600 606 
604 601 607 
606 609 603 
607 610 604 
609 612 606 
610 613 607 
612 609 615 
613 616 610 
615 618 612 
616 619 613 
618 621 615 
619 616 622 
621 624 618 
622 625 619 
624 627 621 
625 628 622 
627 624 630 
628 625 631 
630 633 627 
631 634 628 
633 636 630 
634 637 631 
636 633 639 
637 640 634 
639 642 636 
640 643 637 
642 645 639 
643 640 646 
645 648 642 
646 649 643 
648 651 645 
649 652 646 
651 648 654 
652 649 655 
654 657 651 
655 658 652 
657 660 654 
658 661 655 
660 657 663 
661 664 658 
663 666 660 
664 667 661 
666 669 663 
667 664 670 
669 672 666 
670 673 667 
672 675 669 
673 676 670 
675 672 678 
676 673 679 
678 681 675 
679 682 676 
681 684 678 
682 685 679 
684 681 687 
685 688 682 
687 690 684 
688 691 685 
690 693 687 
691 688 694 
693 696 690 
694 697 691 
696 699 693 
697 700 694 
699 696 702 
700 697 703 
702 705 699 
703 706 700 
705 708 702 
706 709 703 
708 705 711 
709 712 706 
711 714 708 
712 715 709 
714 717 711 
715 712 718 
717 720 714 
718 721 715 
720 723 717 
721 724 718 
723 720 726 
724 721 727 
726 729 723 
727 730 724 
729 732 726 
730 733 727 
732 729 735 
733 736 730 
735 738 732 
736 739 733 
738 741 735 
739 736 742 
741 744 738 
742 745 739 
744 747 741 
745 748 742 
747 744 750 
748 745 751 
750 753 747 
751 754 748 
753 756 750 
754 757 751 
756 753 759 
757 760 754 
759 762 756 
760 763 757 
762 765 759 
763 760 766 
765 768 762 
766 769 763 
768 771 765 
769 772 766 
771 768 774 
772 769 775 
774 777 771 
775 778 772 
777 780 774 
778 781 775 
780 777 783 
781 784 778 
783 786 780 
784 787 781 
786 789 783 
787 784 790 
789 792 786 
790 793 787 
792 795 789 
793 796 790 
795 792 798 
796 793 799 
798 801 795 
799 802 796 
801 804 798 
802 805 799 
804 801 807 
805 808 802 
807 810 804 
808 811 805 
810 813 807 
811 808 814 
813 816 810 
814 817 811 
816 819 813 
817 820 814 
819 816 822 
820 817 823 
822 825 819 
823 826 820 
825 828 822 
826 829 823 
828 825 831 
829 832 826 
831 834 828 
832 835 829 
834 837 831 
835 832 838 
837 840 834 
838 841 835 
840 843 837 
841 844 838 
843 840 846 
844 841 847 
846 849 843 
847 850 844 
849 852 846 
850 853 847 
852 849 855 
853 856 850 
855 858 852 
856 859 853 
858 861 855 
859 856 862 
861 864 858 
862 865 859 
864 867 861 
865 868 862 
867 864 870 
868 865 871 
870 873 867 
871 874 868 
873 876 870 
874 877 871 
876 873 879 
877 880 874 
879 882 876 
880 883 877 
882 885 879 
883 880 886 
885 888 882 
886 889 883 
888 891 885 
889 892 886 
891 888 894 
892 889 895 
894 897 891 
895 898 892 
897 900 894 
898 901 895 
900 897 903 
901 904 898 
903 906 900 
904 907 901 
906 909 903 
907 904 910 
909 912 906 
910 913 907 
912 915 909 
913 916 910 
915 912 918 
916 913 919 
918 921 915 
919 922 916 
921 924 918 
922 925 919 
924 921 927 
925 928 922 
927 930 924 
928 931 925 
930 933 927 
931 928 934 
933 936 930 
934 937 931 
936 939 933 
937 940 934 
939 936 942 
940 937 943 
942 945 939 
943 946 940 
945 948 942 
946 949 943 
948 945 951 
949 952 946 
951 954 948 
952 955 949 
954 957 951 
955 952 958 
957 960 954 
958 961 955 
960 963 957 
961 964 958 
963 960 966 
964 961 967 
966 969 963 
967 970 964 
969 972 966 
970 973 967 
972 969 975 
973 976 970 
975 978 972 
976 979 973 
978 981 975 
979 976 982 
981 984 978 
982 985 979 
984 987 981 
985 988 982 
987 984 990 
988 985 991 
990 993 987 
991 994 988 
993 996 990 
994 997 991 
996 993 999 
997 1000 994 
999 1002 996 
1000 1003 997 
1002 1005 999 
1003 1000 1006 
1005 1008 1002 
1006 1009 1003 
1008 1011 1005 
1009 1012 1006 
1011 1008 1014 
1012 1009 1015 
1014 1017 1011 
1015 1018 1012 
1017 1020 1014 
1018 1021 1015 
1020 1017 1023 
1021 1024 1018 
1023 1026 1020 
1024 1027 1021 
1026 1029 1023 
1027 1024 1030 
1029 1032 1026 
1030 1033 1027 
1032 1035 1029 
1033 1036 1030 
1035 1032 1038 
1036 1033 1039 
1038 1041 1035 
1039 1042 1036 
1041 1044 1038 
1042 1045 1039 
1044 1041 1047 
1045 1048 1042 
1047 1050 1044 
1048 1051 1045 
1050 1053 1047 
1051 1048 1054 
1053 1056 1050 
1054 1057 1051 
1056 1059 1053 
1057 1060 1054 
1059 1056 1062 
1060 1057 1063 
1062 1065 1059 
1063 1066 1060 
1065 1068 1062 
1066 1069 1063 
1068 1065 1071 
1069 1072 1066 
1071 1074 1068 
1072 1075 1069 
1074 1077 1071 
1075 1072 1078 
1077 1080 1074 
1078 1081 1075 
1080 1083 1077 
1081 1084 1078 
1083 1080 1086 
1084 1081 1087 
1086 1089 1083 
1087 1090 1084 
1089 1092 1086 
1090 1093 1087 
1092 1089 1095 
1093 1096 1090 
1095 1098 1092 
1096 1099 1093 
1098 1101 1095 
1099 1096 1102 
1101 1104 1098 
1102 1105 1099 
1104 1107 1101 
1105 1108 1102 
1107 1104 1110 
1108 1105 1111 
1110 1113 1107 
1111 1114 1108 
1113 1116 1110 
1114 1117 1111 
1116 1113 1119 
1117 1120 1114 
1119 1122 1116 
1120 1123 1117 
1122 1125 1119 
1123 1120 1126 
1125 1128 1122 
1126 1129 1123 
1128 1131 1125 
1129 1132 1126 
1131 1128 1134 
1132 1129 1135 
1134 1137 1131 
1135 1138 1132 
1137 1140 1134 
1138 1141 1135 
1140 1137 1143 
1141 1144 1138 
1143 1146 1140 
1144 1147 1141 
1146 1149 1143 
1147 1144 1150 
1149 1152 1146 
1150 1153 1147 
1152 1155 1149 
1153 1156 1150 
1155 1152 1158 
1156 1153 1159 
1158 1161 1155 
1159 1162 1156 
1161 1164 1158 
1162 1165 1159 
1164 1161 1167 
1165 1168 1162 
1167 1170 1164 
1168 1171 1165 
1170 1173 1167 
1171 1168 1174 
1173 1176 1170 
1174 1177 1171 
1176 1179 1173 
1177 1180 1174 
1179 1176 1182 
1180 1177 1183 
1182 1185 1179 
1183 1186 1180 
1185 1188 1182 
1186 1189 1183 
1188 1185 1191 
1189 1192 1186 
1191 1194 1188 
1192 1195 1189 
1194 1197 1191 
1195 1192 1198 
1197 1200 1194 
1198 1201 1195 
1200 1203 1197 
1201 1204 1198 
1203 1200 1206 
1204 1201 1207 
1206 1209 1203 
1207 1210 1204 
1209 1212 1206 
1210 1213 1207 
1212 1209 1215 
1213 1216 1210 
1215 1218 1212 
1216 1219 1213 
1218 1221 1215 
1219 1216 1222 
1221 1224 1218 
1222 1225 1219 
1224 1227 1221 
1225 1228 1222 
1227 1224 1230 
1228 1225 1231 
1230 1233 1227 
1231 1234 1228 
1233 1236 1230 
1234 1237 1231 
1236 1233 1239 
1237 1240 1234 
1239 1242 1236 
1240 1243 1237 
1242 1245 1239 
1243 1240 1246 
1245 1248 1242 
1246 1249 1243 
1248 1251 1245 
1249 1252 1246 
1251 1248 1254 
1252 1249 1255 
1254 1257 1251 
1255 1258 1252 
1257 1260 1254 
1258 1261 1255 
1260 1257 1263 
1261 1264 1258 
1263 1266 1260 
1264 1267 1261 
1266 1269 1263 
1267 1264 1270 
1269 1272 1266 
1270 1273 1267 
1272 1275 1269 
1273 1276 1270 
1275 1272 1278 
1276 1273 1279 
1278 1281 1275 
1279 1282 1276 
1281 1284 1278 
1282 1285 1279 
1284 1281 1287 
1285 1288 1282 
1287 1290 1284 
1288 1291 1285 
1290 1293 1287 
1291 1288 1294 
1293 1296 1290 
1294 1297 1291 
1296 1299 1293 
1297 1300 1294 
1299 1296 1302 
1300 1297 1303 
1302 1305 1299 
1303 1306 1300 
1305 1308 1302 
1306 1309 1303 
1308 1305 1311 
1309 1312 1306 
1311 1314 1308 
1312 1315 1309 
1314 1317 1311 
1315 1312 1318 
1317 1320 1314 
1318 1321 1315 
1320 1323 1317 
1321 1324 1318 
1323 1320 1326 
1324 1321 1327 
1326 1329 1323 
1327 1330 1324 
1329 1332 1326 
1330 1333 1327 
1332 1329 1335 
1333 1336 1330 
1335 1338 1332 
1336 1339 1333 
1338 1341 1335 
1339 1336 1342 
1341 1344 1338 
1342 1345 1339 
1344 1347 1341 
1345 1348 1342 
1347 1344 1350 
1348 1345 1351 
1350 1353 1347 
1351 1354 1348 
1353 1356 1350 
1354 1357 1351 
1356 1353 1359 
1357 1360 1354 
1359 1362 1356 
1360 1363 1357 
1362 1365 1359 
1363 1360 1366 
1365 1368 1362 
1366 1369 1363 
1368 1371 1365 
1369 1372 1366 
1371 1368 1374 
1372 1369 1375 
1374 1377 1371 
1375 1378 1372 
1377 1380 1374 
1378 1381 1375 
1380 1377 1383 
1381 1384 1378 
1383 1386 1380 
1384 1387 1381 
1386 1389 1383 
1387 1384 1390 
1389 1392 1386 
1390 1393 1387 
1392 1395 1389 
1393 1396 1390 
1395 1392 1398 
1396 1393 1399 
1398 1401 1395 
1399 1402 1396 
1401 1404 1398 
1402 1405 1399 
1404 1401 1407 
1405 1408 1402 
1407 1410 1404 
1408 1411 1405 
1410 1413 1407 
1411 1408 1414 
1413 1416 1410 
1414 1417 1411 
1416 1419 1413 
1417 1420 1414 
1419 1416 1422 
1420 1417 1423 
1422 1425 1419 
1423 1426 1420 
1425 1428 1422 
1426 1429 1423 
1428 1425 1431 
1429 1432 1426 
1431 1434 1428 
1432 1435 1429 
1434 1437 1431 
1435 1432 1438 
1437 1440 1434 
1438 1441 1435 
1440 1443 1437 
1441 1444 1438 
1443 1440 1446 
1444 1441 1447 
1446 1449 1443 
1447 1450 1444 
1449 1452 1446 
1450 1453 1447 
1452 1449 1455 
1453 1456 1450 
1455 1458 1452 
1456 1459 1453 
1458 1461 1455 
1459 1456 1462 
1461 1464 1458 
1462 1465 1459 
1464 1467 1461 
1465 1468 1462 
1467 1464 1470 
1468 1465 1471 
1470 1473 1467 
1471 1474 1468 
1473 1476 1470 
1474 1477 1471 
1476 1473 1479 
1477 1480 1474 
1479 1482 1476 
1480 1483 1477 
1482 1485 1479 
1483 1480 1486 
1485 1488 1482 
1486 1489 1483 
1488 1491 1485 
1489 1492 1486 
1491 1488 1494 
1492 1489 1495 
1494 1497 1491 
1495 1498 1492 
1497 1500 1494 
1498 1501 1495 
1500 1497 1503 
1501 1504 1498 
1503 1506 1500 
1504 1507 1501 
1506 1509 1503 
1507 1504 1510 
1509 1512 1506 
1510 1513 1507 
1512 1515 1509 
1513 1516 1510 
1515 1512 1518 
1516 1513 1519 
1518 1521 1515 
1519 1522 1516 
1521 1524 1518 
1522 1525 1519 
1524 1521 1527 
1525 1528 1522 
1527 1530 1524 
1528 1531 1525 
1530 1533 1527 
1531 1528 1534 
1533 1536 1530 
1534 1537 1531 
1536 1539 1533 
1537 1540 1534 
1539 1536 1542 
1540 1537 1543 
1542 1545 1539 
1543 1546 1540 
1545 1548 1542 
1546 1549 1543 
1548 1545 1551 
1549 1552 1546 
1551 1554 1548 
1552 1555 1549 
1554 1557 1551 
1555 1552 1558 
1557 1560 1554 
1558 1561 1555 
1560 1563 1557 
1561 1564 1558 
1563 1560 1566 
1564 1561 1567 
1566 1569 1563 
1567 1570 1564 
1569 1572 1566 
1570 1573 1567 
1572 1569 1575 
1573 1576 1570 
1575 1578 1572 
1576 1579 1573 
1578 1581 1575 
1579 1576 1582 
1581 1584 1578 
1582 1585 1579 
1584 1587 1581 
1585 1588 1582 
1587 1584 1590 
1588 1585 1591 
1590 1593 1587 
1591 1594 1588 
1593 1596 1590 
1594 1597 1591 
1596 1593 1599 
1597 1600 1594 
1599 1602 1596 
1600 1603 1597 
1602 1605 1599 
1603 1600 1606 
1605 1608 1602 
1606 1609 1603 
1608 1611 1605 
1609 1612 1606 
1611 1608 1614 
1612 1609 1615 
1614 1617 1611 
1615 1618 1612 
1617 1620 1614 
1618 1621 1615 
1620 1617 1623 
1621 1624 1618 
1623 1626 1620 
1624 1627 1621 
1626 1629 1623 
1627 1624 1630 
1629 1632 1626 
1630 1633 1627 
1632 1635 1629 
1633 1636 1630 
1635 1632 1638 
1636 1633 1639 
1638 1641 1635 
1639 1642 1636 
1641 1644 1638 
1642 1645 1639 
1644 1641 1647 
1645 1648 1642 
1647 1650 1644 
1648 1651 1645 
1650 1653 1647 
1651 1648 1654 
1653 1656 1650 
1654 1657 1651 
1656 1659 1653 
1657 1660 1654 
1659 1656 1662 
1660 1657 1663 
1662 1665 1659 
1663 1666 1660 
1665 1668 1662 
1666 1669 1663 
1668 1665 1671 
1669 1672 1666 
1671 1674 1668 
1672 1675 1669 
1674 1677 1671 
1675 1672 1678 
1677 1680 1674 
1678 1681 1675 
1680 1683 1677 
1681 1684 1678 
1683 1680 1686 
1684 1681 1687 
1686 1689 1683 
1687 1690 1684 
1689 1692 1686 
1690 1693 1687 
1692 1689 1695 
1693 1696 1690 
1695 1698 1692 
1696 1699 1693 
1698 1701 1695 
1699 1696 1702 
1701 1704 1698 
1702 1705 1699 
1704 1707 1701 
1705 1708 1702 
1707 1704 1710 
1708 1705 1711 
1710 1713 1707 
1711 1714 1708 
1713 1716 1710 
1714 1717 1711 
1716 1713 1719 
1717 1720 1714 
1719 1722 1716 
1720 1723 1717 
1722 1725 1719 
1723 1720 1726 
1725 1728 1722 
1726 1729 1723 
1728 1731 1725 
1729 1732 1726 
1731 1728 1734 
1732 1729 1735 
1734 1737 1731 
1735 1738 1732 
1737 1740 1734 
1738 1741 1735 
1740 1737 1743 
1741 1744 1738 
1743 1746 1740 
1744 1747 1741 
1746 1749 1743 
1747 1744 1750 
1749 1752 1746 
1750 1753 1747 
1752 1755 1749 
1753 1756 1750 
1755 1752 1758 
1756 1753 1759 
1758 1761 1755 
1759 1762 1756 
1761 1764 1758 
1762 1765 1759 
1764 1761 1767 
1765 1768 1762 
1767 1770 1764 
1768 1771 1765 
1770 1773 1767 
1771 1768 1774 
1773 1776 1770 
1774 1777 1771 
1776 1779 1773 
1777 1780 1774 
1779 1776 1782 
1780 1777 1783 
1782 1785 1779 
1783 1786 1780 
1785 1788 1782 
1786 1789 1783 
1788 1785 1791 
1789 1792 1786 
1791 1794 1788 
1792 1795 1789 
1794 1797 1791 
1795 1792 1798 
1797 1800 1794 
1798 1801 1795 
1800 1803 1797 
1801 1804 1798 
1803 1800 1806 
1804 1801 1807 
1806 1809 1803 
1807 1810 1804 
1809 1812 1806 
1810 1813 1807 
1812 1809 1815 
1813 1816 1810 
1815 1818 1812 
1816 1819 1813 
1818 1821 1815 
1819 1816 1822 
1821 1824 1818 
1822 1825 1819 
1824 1827 1821 
1825 1828 1822 
1827 1824 1830 
1828 1825 1831 
1830 1833 1827 
1831 1834 1828 
1833 1836 1830 
1834 1837 1831 
1836 1833 1839 
1837 1840 1834 
1839 1842 1836 
1840 1843 1837 
1842 1845 1839 
1843 1840 1846 
1845 1848 1842 
1846 1849 1843 
1848 1851 1845 
1849 1852 1846 
1851 1848 1854 
1852 1849 1855 
1854 1857 1851 
1855 1858 1852 
1857 1860 1854 
1858 1861 1855 
1860 1857 1863 
1861 1864 1858 
1863 1866 1860 
1864 1867 1861 
1866 1869 1863 
1867 1864 1870 
1869 1872 1866 
1870 1873 1867 
1872 1875 1869 
1873 1876 1870 
1875 1872 1878 
1876 1873 1879 
1878 1881 1875 
1879 1882 1876 
1881 1884 1878 
1882 1885 1879 
1884 1881 1887 
1885 1888 1882 
1887 1890 1884 
1888 1891 1885 
1890 1893 1887 
1891 1888 1894 
1893 1896 1890 
1894 1897 1891 
1896 1899 1893 
1897 1900 1894 
1899 1896 1902 
1900 1897 1903 
1902 1905 1899 
1903 1906 1900 
1905 1908 1902 
1906 1909 1903 
1908 1905 1911 
1909 1912 1906 
1911 1914 1908 
1912 1915 1909 
1914 1917 1911 
1915 1912 1918 
1917 1920 1914 
1918 1921 1915 
1920 1923 1917 
1921 1924 1918 
1923 1920 1926 
1924 1921 1927 
1926 1929 1923 
1927 1930 1924 
1929 1932 1926 
1930 1933 1927 
1932 1929 1935 
1933 1936 1930 
1935 1938 1932 
1936 1939 1933 
1938 1941 1935 
1939 1936 1942 
1941 1944 1938 
1942 1945 1939 
1944 1947 1941 
1945 1948 1942 
1947 1944 1950 
1948 1945 1951 
1950 1953 1947 
1951 1954 1948 
1953 1956 1950 
1954 1957 1951 
1956 1953 1959 
1957 1960 1954 
1959 1962 1956 
1960 1963 1957 
1962 1965 1959 
1963 1960 1966 
1965 1968 1962 
1966 1969 1963 
1968 1971 1965 
1969 1972 1966 
1971 1968 1974 
1972 1969 1975 
1974 1977 1971 
1975 1978 1972 
1977 1980 1974 
1978 1981 1975 
1980 1977 1983 
1981 1984 1978 
1983 1986 1980 
1984 1987 1981 
1986 1989 1983 
1987 1984 1990 
1989 1992 1986 
1990 1993 1987 
1992 1995 1989 
1993 1996 1990 
1995 1992 1998 
1996 1993 1999 
1998 2001 1995 
1999 2002 1996 
2001 2004 1998 
2002 2005 1999 
2004 2001 2007 
2005 2008 2002 
2007 2010 2004 
2008 2011 2005 
2010 2013 2007 
2011 2008 2014 
2013 2016 2010 
2014 2017 2011 
2016 2019 2013 
2017 2020 2014 
2019 2016 2022 
2020 2017 2023 
2022 2025 2019 
2023 2026 2020 
2025 2028 2022 
2026 2029 2023 
2028 2025 2031 
2029 2032 2026 
2031 2034 2028 
2032 2035 2029 
2034 2037 2031 
2035 2032 2038 
2037 2040 2034 
2038 2041 2035 
2040 2043 2037 
2041 2044 2038 
2043 2040 2046 
2044 2041 2047 
2046 2049 2043 
2047 2050 2044 
2049 2052 2046 
2050 2053 2047 
2052 2049 2055 
2053 2056 2050 
2055 2058 2052 
2056 2059 2053 
2058 2061 2055 
2059 2056 2062 
2061 2064 2058 
2062 2065 2059 
2064 2067 2061 
2065 2068 2062 
2067 2064 2070 
2068 2065 2071 
2070 2073 2067 
2071 2074 2068 
2073 2076 2070 
2074 2077 2071 
2076 2073 2079 
2077 2080 2074 
2079 2082 2076 
2080 2083 2077 
2082 2085 2079 
2083 2080 2086 
2085 2088 2082 
2086 2089 2083 
2088 2091 2085 
2089 2092 2086 
2091 2088 2094 
2092 2089 2095 
2094 2097 2091 
2095 2098 2092 
2097 2100 2094 
2098 2101 2095 
2100 2097 2103 
2101 2104 2098 
2103 2106 2100 
2104 2107 2101 
2106 2109 2103 
2107 2104 2110 
2109 2112 2106 
2110 2113 2107 
2112 2115 2109 
2113 2116 2110 
2115 2112 2118 
2116 2113 2119 
2118 2121 2115 
2119 2122 2116 
2121 2124 2118 
2122 2125 2119 
2124 2121 2127 
2125 2128 2122 
2127 2130 2124 
2128 2131 2125 
2130 2133 2127 
2131 2128 2134 
2133 2136 2130 
2134 2137 2131 
2136 2139 2133 
2137 2140 2134 
2139 2136 2142 
2140 2137 2143 
2142 2145 2139 
2143 2146 2140 
2145 2148 2142 
2146 2149 2143 
2148 2145 2151 
2149 2152 2146 
2151 2154 2148 
2152 2155 2149 
2154 2157 2151 
2155 2152 2158 
2157 2160 2154 
2158 2161 2155 
2160 2163 2157 
2161 2164 2158 
2163 2160 2166 
2164 2161 2167 
2166 2169 2163 
2167 2170 2164 
2169 2172 2166 
2170 2173 2167 
2172 2169 2175 
2173 2176 2170 
2175 2178 2172 
2176 2179 2173 
2178 2181 2175 
2179 2176 2182 
2181 2184 2178 
2182 2185 2179 
2184 2187 2181 
2185 2188 2182 
2187 2184 2190 
2188 2185 2191 
2190 2193 2187 
2191 2194 2188 
2193 2196 2190 
2194 2197 2191 
2196 2193 2199 
2197 2200 2194 
2199 2202 2196 
2200 2203 2197 
2202 2205 2199 
2203 2200 2206 
2205 2208 2202 
2206 2209 2203 
2208 2211 2205 
2209 2212 2206 
2211 2208 2214 
2212 2209 2215 
2214 2217 2211 
2215 2218 2212 
2217 2220 2214 
2218 2221 2215 
2220 2217 2223 
2221 2224 2218 
2223 2226 2220 
2224 2227 2221 
2226 2229 2223 
2227 2224 2230 
2229 2232 2226 
2230 2233 2227 
2232 2235 2229 
2233 2236 2230 
2235 2232 2238 
2236 2233 2239 
2238 2241 2235 
2239 2242 2236 
2241 2244 2238 
2242 2245 2239 
2244 2241 2247 
2245 2248 2242 
2247 2250 2244 
2248 2251 2245 
2250 2253 2247 
2251 2248 2254 
2253 2256 2250 
2254 2257 2251 
2256 2259 2253 
2257 2260 2254 
2259 2256 2262 
2260 2257 2263 
2262 2265 2259 
2263 2266 2260 
2265 2268 2262 
2266 2269 2263 
2268 2265 2271 
2269 2272 2266 
2271 2274 2268 
2272 2275 2269 
2274 2277 2271 
2275 2272 2278 
2277 2280 2274 
2278 2281 2275 
2280 2283 2277 
2281 2284 2278 
2283 2280 2286 
2284 2281 2287 
2286 2289 2283 
2287 2290 2284 
2289 2292 2286 
2290 2293 2287 
2292 2289 2295 
2293 2296 2290 
2295 2298 2292 
2296 2299 2293 
2298 2301 2295 
2299 2296 2302 
2301 2304 2298 
2302 2305 2299 
2304 2307 2301 
2305 2308 2302 
2307 2304 2310 
2308 2305 2311 
2310 2313 2307 
2311 2314 2308 
2313 2316 2310 
2314 2317 2311 
2316 2313 2319 
2317 2320 2314 
2319 2322 2316 
2320 2323 2317 
2322 2325 2319 
2323 2320 2326 
2325 2328 2322 
2326 2329 2323 
2328 2331 2325 
2329 2332 2326 
2331 2328 2334 
2332 2329 2335 
2334 2337 2331 
2335 2338 2332 
2337 2340 2334 
2338 2341 2335 
2340 2337 2343 
2341 2344 2338 
2343 2346 2340 
2344 2347 2341 
2346 2349 2343 
2347 2344 2350 
2349 2352 2346 
2350 2353 2347 
2352 2355 2349 
2353 2356 2350 
2355 2352 2358 
2356 2353 2359 
2358 2361 2355 
2359 2362 2356 
2361 2364 2358 
2362 2365 2359 
2364 2361 2367 
2365 2368 2362 
2367 2370 2364 
2368 2371 2365 
2370 2373 2367 
2371 2368 2374 
2373 2376 2370 
2374 2377 2371 
2376 2379 2373 
2377 2380 2374 
2379 2376 2382 
2380 2377 2383 
2382 2385 2379 
2383 2386 2380 
2385 2388 2382 
2386 2389 2383 
2388 2385 2391 
2389 2392 2386 
2391 2394 2388 
2392 2395 2389 
2394 2397 2391 
2395 2392 2398 
2397 2400 2394 
2398 2401 2395 
2400 2403 2397 
2401 2404 2398 
2403 2400 2406 
2404 2401 2407 
2406 2409 2403 
2407 2410 2404 
2409 2412 2406 
2410 2413 2407 
2412 2409 2415 
2413 2416 2410 
2415 2418 2412 
2416 2419 2413 
2418 2421 2415 
2419 2416 2422 
2421 2424 2418 
2422 2425 2419 
2424 2427 2421 
2425 2428 2422 
2427 2424 2430 
2428 2425 2431 
2430 2433 2427 
2431 2434 2428 
2433 2436 2430 
2434 2437 2431 
2436 2433 2439 
2437 2440 2434 
2439 2442 2436 
2440 2443 2437 
2442 2445 2439 
2443 2440 2446 
2445 2448 2442 
2446 2449 2443 
2448 2451 2445 
2449 2452 2446 
2451 2448 2454 
2452 2449 2455 
2454 2457 2451 
2455 2458 2452 
2457 2460 2454 
2458 2461 2455 
2460 2457 2463 
2461 2464 2458 
2463 2466 2460 
2464 2467 2461 
2466 2469 2463 
2467 2464 2470 
2469 2472 2466 
2470 2473 2467 
2472 2475 2469 
2473 2476 2470 
2475 2472 2478 
2476 2473 2479 
2478 2481 2475 
2479 2482 2476 
2481 2484 2478 
2482 2485 2479 
2484 2481 2487 
2485 2488 2482 
2487 2490 2484 
2488 2491 2485 
2490 2493 2487 
2491 2488 2494 
2493 2496 2490 
2494 2497 2491 
2496 2499 2493 
2497 2500 2494 
2499 2496 2502 
2500 2497 2503 
2502 2505 2499 
2503 2506 2500 
2505 2508 2502 
2506 2509 2503 
2508 2505 2511 
2509 2512 2506 
2511 2514 2508 
2512 2515 2509 
2514 2517 2511 
2515 2512 2518 
2517 2520 2514 
2518 2521 2515 
2520 2523 2517 
2521 2524 2518 
2523 2520 2526 
2524 2521 2527 
2526 2529 2523 
2527 2530 2524 
2529 2532 2526 
2530 2533 2527 
2532 2529 2535 
2533 2536 2530 
2535 2538 2532 
2536 2539 2533 
2538 2541 2535 
2539 2536 2542 
2541 2544 2538 
2542 2545 2539 
2544 2547 2541 
2545 2548 2542 
2547 2544 2550 
2548 2545 2551 
2550 2553 2547 
2551 2554 2548 
2553 2556 2550 
2554 2557 2551 
2556 2553 2559 
2557 2560 2554 
2559 2562 2556 
2560 2563 2557 
2562 2565 2559 
2563 2560 2566 
2565 2568 2562 
2566 2569 2563 
2568 2571 2565 
2569 2572 2566 
2571 2568 2574 
2572 2569 2575 
2574 2577 2571 
2575 2578 2572 
2577 2580 2574 
2578 2581 2575 
2580 2577 2583 
2581 2584 2578 
2583 2586 2580 
2584 2587 2581 
2586 2589 2583 
2587 2584 2590 
2589 2592 2586 
2590 2593 2587 
2592 2595 2589 
2593 2596 2590 
2595 2592 2598 
2596 2593 2599 
2598 2601 2595 
2599 2602 2596 
2601 2604 2598 
2602 2605 2599 
2604 2601 2607 
2605 2608 2602 
2607 2610 2604 
2608 2611 2605 
2610 2613 2607 
2611 2608 2614 
2613 2616 2610 
2614 2617 2611 
2616 2619 2613 
2617 2620 2614 
2619 2616 2622 
2620 2617 2623 
2622 2625 2619 
2623 2626 2620 
2625 2628 2622 
2626 2629 2623 
2628 2625 2631 
2629 2632 2626 
2631 2634 2628 
2632 2635 2629 
2634 2637 2631 
2635 2632 2638 
2637 2640 2634 
2638 2641 2635 
2640 2643 2637 
2641 2644 2638 
2643 2640 2646 
2644 2641 2647 
2646 2649 2643 
2647 2650 2644 
2649 2652 2646 
2650 2653 2647 
2652 2649 2655 
2653 2656 2650 
2655 2658 2652 
2656 2659 2653 
2658 2661 2655 
2659 2656 2662 
2661 2664 2658 
2662 2665 2659 
2664 2667 2661 
2665 2668 2662 
2667 2664 2670 
2668 2665 2671 
2670 2673 2667 
2671 2674 2668 
2673 2676 2670 
2674 2677 2671 
2676 2673 2679 
2677 2680 2674 
2679 2682 2676 
2680 2683 2677 
2682 2685 2679 
2683 2680 2686 
2685 2688 2682 
2686 2689 2683 
2688 2691 2685 
2689 2692 2686 
2691 2688 2694 
2692 2689 2695 
2694 2697 2691 
2695 2698 2692 
2697 2700 2694 
2698 2701 2695 
2700 2697 2703 
2701 2704 2698 
2703 2706 2700 
2704 2707 2701 
2706 2709 2703 
2707 2704 2710 
2709 2712 2706 
2710 2713 2707 
2712 2715 2709 
2713 2716 2710 
2715 2712 2718 
2716 2713 2719 
2718 2721 2715 
2719 2722 2716 
2721 2724 2718 
2722 2725 2719 
2724 2721 2727 
2725 2728 2722 
2727 2730 2724 
2728 2731 2725 
2730 2733 2727 
2731 2728 2734 
2733 2736 2730 
2734 2737 2731 
2736 2739 2733 
2737 2740 2734 
2739 2736 2742 
2740 2737 2743 
2742 2745 2739 
2743 2746 2740 
2745 2748 2742 
2746 2749 2743 
2748 2745 2751 
2749 2752 2746 
2751 2754 2748 
2752 2755 2749 
2754 2757 2751 
2755 2752 2758 
2757 2760 2754 
2758 2761 2755 
2760 2763 2757 
2761 2764 2758 
2763 2760 2766 
2764 2761 2767 
2766 2769 2763 
2767 2770 2764 
2769 2772 2766 
2770 2773 2767 
2772 2769 2775 
2773 2776 2770 
2775 2778 2772 
2776 2779 2773 
2778 2781 2775 
2779 2776 2782 
2781 2784 2778 
2782 2785 2779 
2784 2787 2781 
2785 2788 2782 
2787 2784 2790 
2788 2785 2791 
2790 2793 2787 
2791 2794 2788 
2793 2796 2790 
2794 2797 2791 
2796 2793 2799 
2797 2800 2794 
2799 2802 2796 
2800 2803 2797 
2802 2805 2799 
2803 2800 2806 
2805 2808 2802 
2806 2809 2803 
2808 2811 2805 
2809 2812 2806 
2811 2808 2814 
2812 2809 2815 
2814 2817 2811 
2815 2818 2812 
2817 2820 2814 
2818 2821 2815 
2820 2817 2823 
2821 2824 2818 
2823 2826 2820 
2824 2827 2821 
2826 2829 2823 
2827 2824 2830 
2829 2832 2826 
2830 2833 2827 
2832 2835 2829 
2833 2836 2830 
2835 2832 2838 
2836 2833 2839 
2838 2841 2835 
2839 2842 2836 
2841 2844 2838 
2842 2845 2839 
2844 2841 2847 
2845 2848 2842 
2847 2850 2844 
2848 2851 2845 
2850 2853 2847 
2851 2848 2854 
2853 2856 2850 
2854 2857 2851 
2856 2859 2853 
2857 2860 2854 
2859 2856 2862 
2860 2857 2863 
2862 2865 2859 
2863 2866 2860 
2865 2868 2862 
2866 2869 2863 
2868 2865 2871 
2869 2872 2866 
2871 2874 2868 
2872 2875 2869 
2874 2877 2871 
2875 2872 2878 
2877 2880 2874 
2878 2881 2875 
2880 2883 2877 
2881 2884 2878 
2883 2880 2886 
2884 2881 2887 
2886 2889 2883 
2887 2890 2884 
2889 2892 2886 
2890 2893 2887 
2892 2889 2895 
2893 2896 2890 
2895 2898 2892 
2896 2899 2893 
2898 2901 2895 
2899 2896 2902 
2901 2904 2898 
2902 2905 2899 
2904 2907 2901 
2905 2908 2902 
2907 2904 2910 
2908 2905 2911 
2910 2913 2907 
2911 2914 2908 
2913 2916 2910 
2914 2917 2911 
2916 2913 2919 
2917 2920 2914 
2919 2922 2916 
2920 2923 2917 
2922 2925 2919 
2923 2920 2926 
2925 2928 2922 
2926 2929 2923 
2928 2931 2925 
2929 2932 2926 
2931 2928 2934 
2932 2929 2935 
2934 2937 2931 
2935 2938 2932 
2937 2940 2934 
2938 2941 2935 
2940 2937 2943 
2941 2944 2938 
2943 2946 2940 
2944 2947 2941 
2946 2949 2943 
2947 2944 2950 
2949 2952 2946 
2950 2953 2947 
2952 2955 2949 
2953 2956 2950 
2955 2952 2958 
2956 2953 2959 
2958 2961 2955 
2959 2962 2956 
2961 2964 2958 
2962 2965 2959 
2964 2961 2967 
2965 2968 2962 
2967 2970 2964 
2968 2971 2965 
2970 2973 2967 
2971 2968 2974 
2973 2976 2970 
2974 2977 2971 
2976 2979 2973 
2977 2980 2974 
2979 2976 2982 
2980 2977 2983 
2982 2985 2979 
2983 2986 2980 
2985 2988 2982 
2986 2989 2983 
2988 2985 2991 
2989 2992 2986 
2991 2994 2988 
2992 2995 2989 
2994 2997 2991 
2995 2992 2998 
2997 3000 2994 
2998 2995 2999 
2999 3000 2998 
3000 2997 2999 
